
     Program PWSCF v.7.4.1 starts on 12Jul2025 at 16:15:13 

     This program is part of the open-source Quantum ESPRESSO suite
     for quantum simulation of materials; please cite
         "P. Giannozzi et al., J. Phys.:Condens. Matter 21 395502 (2009);
         "P. Giannozzi et al., J. Phys.:Condens. Matter 29 465901 (2017);
         "P. Giannozzi et al., J. Chem. Phys. 152 154105 (2020);
          URL http://www.quantum-espresso.org", 
     in publications or presentations arising from this work. More details at
     http://www.quantum-espresso.org/quote

     Parallel version (MPI), running on     4 processors

     MPI processes distributed on     1 nodes
     165 MiB available memory on the printing compute node when the environment starts

     Waiting for input...
     Reading input from standard input

     Current dimensions of program PWSCF are:
     Max number of different atomic species (ntypx) = 10
     Max number of k-points (npk) =  40000
     Max angular momentum in pseudopotentials (lmaxx) =  4
     file O.pbesol-n-kjpaw_psl.0.1.UPF: wavefunction(s)  2P renormalized
     Message from routine volume:
     axis vectors are left-handed
     Message from routine setup:
     using ibrav=0 with symmetry is DISCOURAGED, use correct ibrav instead

     R & G space division:  proc/nbgrp/npool/nimage =       4
     Subspace diagonalization in iterative solution of the eigenvalue problem:
     a serial algorithm will be used


     Parallelization info
     --------------------
     sticks:   dense  smooth     PW     G-vecs:    dense   smooth      PW
     Min         291     146     48                 4642     1635     317
     Max         292     147     49                 4643     1636     318
     Sum        1167     587    195                18569     6541    1269

     Using Slab Decomposition



     bravais-lattice index     =            0
     lattice parameter (alat)  =       8.0000  a.u.
     unit-cell volume          =     235.7543 (a.u.)^3
     number of atoms/cell      =            4
     number of atomic types    =            3
     number of electrons       =        46.00
     number of Kohn-Sham states=           28
     kinetic-energy cutoff     =      35.0000  Ry
     charge density cutoff     =     280.0000  Ry
     scf convergence threshold =      1.0E-08
     mixing beta               =       0.7000
     number of iterations used =            8  plain     mixing
     Exchange-correlation= SLA  PW   PSX  PSC
                           (   1   4  10   8   0   0   0)
     Hubbard projectors: ortho-atomic
     Hubbard parameters of DFT+U (Dudarev formulation) in eV:
     U(Co1-3d) =  6.3000
     U(Co2-3d) =  6.3000

     Internal variables: lda_plus_u =T, lda_plus_u_kind = 0

     celldm(1)=   8.000000  celldm(2)=   0.000000  celldm(3)=   0.000000
     celldm(4)=   0.000000  celldm(5)=   0.000000  celldm(6)=   0.000000

     crystal axes: (cart. coord. in units of alat)
               a(1) = (   0.570726   0.570726   1.031099 )  
               a(2) = (   0.570726   1.031099   0.570726 )  
               a(3) = (   1.031099   0.570726   0.570726 )  

     reciprocal axes: (cart. coord. in units 2 pi/alat)
               b(1) = ( -0.570621 -0.570621  1.601531 )  
               b(2) = ( -0.570621  1.601531 -0.570621 )  
               b(3) = (  1.601531 -0.570621 -0.570621 )  


     PseudoPot. # 1 for Co read from file:
     ./co_pbesol_v1.2.uspp.F.UPF
     MD5 check sum: 3b4cd4e7cc7df4da9fdede0fd33e2193
     Pseudo is Ultrasoft + core correction, Zval = 17.0
     Generated by new atomic code, or converted to UPF format
     Using radial grid of  863 points,  6 beta functions with: 
                l(1) =   0
                l(2) =   0
                l(3) =   1
                l(4) =   1
                l(5) =   2
                l(6) =   2
     Q(r) pseudized with  8 coefficients,  rinner =    1.200   1.200   1.200
                                                       1.200   1.200

     PseudoPot. # 2 for Co read from file:
     ./co_pbesol_v1.2.uspp.F.UPF
     MD5 check sum: 3b4cd4e7cc7df4da9fdede0fd33e2193
     Pseudo is Ultrasoft + core correction, Zval = 17.0
     Generated by new atomic code, or converted to UPF format
     Using radial grid of  863 points,  6 beta functions with: 
                l(1) =   0
                l(2) =   0
                l(3) =   1
                l(4) =   1
                l(5) =   2
                l(6) =   2
     Q(r) pseudized with  8 coefficients,  rinner =    1.200   1.200   1.200
                                                       1.200   1.200

     PseudoPot. # 3 for O  read from file:
     ./O.pbesol-n-kjpaw_psl.0.1.UPF
     MD5 check sum: 126339daddaa87477ab44acfa0b5aa00
     Pseudo is Projector augmented-wave + core cor, Zval =  6.0
     Generated using "atomic" code by A. Dal Corso  v.6.0 svn rev. 13079
     Shape of augmentation charge: BESSEL
     Using radial grid of 1095 points,  4 beta functions with: 
                l(1) =   0
                l(2) =   0
                l(3) =   1
                l(4) =   1
     Q(r) pseudized with 0 coefficients 


     atomic species   valence    mass     pseudopotential
     Co1              17.00    58.93319     Co( 1.00)
     Co2              17.00    58.93319     Co( 1.00)
     O                 6.00    15.99900     O ( 1.00)

     Starting magnetic structure 
     atomic species   magnetization
     Co1             0.500
     Co2            -0.500
     O               0.000

     12 Sym. Ops., with inversion, found


                                    s                        frac. trans.

      isym =  1     identity                                     

 cryst.   s( 1) = (     1          0          0      )
                  (     0          1          0      )
                  (     0          0          1      )

 cart.    s( 1) = (  1.0000000  0.0000000  0.0000000 )
                  (  0.0000000  1.0000000  0.0000000 )
                  (  0.0000000  0.0000000  1.0000000 )


      isym =  2     180 deg rotation - cart. axis [1,-1,0]       

 cryst.   s( 2) = (    -1          0          0      )
                  (     0          0         -1      )
                  (     0         -1          0      )

 cart.    s( 2) = ( -0.0000000 -1.0000000 -0.0000000 )
                  ( -1.0000000 -0.0000000 -0.0000000 )
                  ( -0.0000000 -0.0000000 -1.0000000 )


      isym =  3     180 deg rotation - cart. axis [-1,0,1]       

 cryst.   s( 3) = (     0          0         -1      )
                  (     0         -1          0      )
                  (    -1          0          0      )

 cart.    s( 3) = ( -0.0000000 -0.0000000 -1.0000000 )
                  ( -0.0000000 -1.0000000 -0.0000000 )
                  ( -1.0000000 -0.0000000 -0.0000000 )


      isym =  4     180 deg rotation - cart. axis [0,1,-1]       

 cryst.   s( 4) = (     0         -1          0      )
                  (    -1          0          0      )
                  (     0          0         -1      )

 cart.    s( 4) = ( -1.0000000 -0.0000000 -0.0000000 )
                  ( -0.0000000 -0.0000000 -1.0000000 )
                  ( -0.0000000 -1.0000000 -0.0000000 )


      isym =  5     120 deg rotation - cart. axis [-1,-1,-1]     

 cryst.   s( 5) = (     0          1          0      )
                  (     0          0          1      )
                  (     1          0          0      )

 cart.    s( 5) = (  0.0000000  1.0000000  0.0000000 )
                  (  0.0000000  0.0000000  1.0000000 )
                  (  1.0000000  0.0000000  0.0000000 )


      isym =  6     120 deg rotation - cart. axis [1,1,1]        

 cryst.   s( 6) = (     0          0          1      )
                  (     1          0          0      )
                  (     0          1          0      )

 cart.    s( 6) = (  0.0000000  0.0000000  1.0000000 )
                  (  1.0000000  0.0000000  0.0000000 )
                  (  0.0000000  1.0000000  0.0000000 )


      isym =  7     inversion                                    

 cryst.   s( 7) = (    -1          0          0      )
                  (     0         -1          0      )
                  (     0          0         -1      )

 cart.    s( 7) = ( -1.0000000 -0.0000000 -0.0000000 )
                  ( -0.0000000 -1.0000000 -0.0000000 )
                  ( -0.0000000 -0.0000000 -1.0000000 )


      isym =  8     inv. 180 deg rotation - cart. axis [1,-1,0]  

 cryst.   s( 8) = (     1          0          0      )
                  (     0          0          1      )
                  (     0          1          0      )

 cart.    s( 8) = (  0.0000000  1.0000000  0.0000000 )
                  (  1.0000000  0.0000000  0.0000000 )
                  (  0.0000000  0.0000000  1.0000000 )


      isym =  9     inv. 180 deg rotation - cart. axis [-1,0,1]  

 cryst.   s( 9) = (     0          0          1      )
                  (     0          1          0      )
                  (     1          0          0      )

 cart.    s( 9) = (  0.0000000  0.0000000  1.0000000 )
                  (  0.0000000  1.0000000  0.0000000 )
                  (  1.0000000  0.0000000  0.0000000 )


      isym = 10     inv. 180 deg rotation - cart. axis [0,1,-1]  

 cryst.   s(10) = (     0          1          0      )
                  (     1          0          0      )
                  (     0          0          1      )

 cart.    s(10) = (  1.0000000  0.0000000  0.0000000 )
                  (  0.0000000  0.0000000  1.0000000 )
                  (  0.0000000  1.0000000  0.0000000 )


      isym = 11     inv. 120 deg rotation - cart. axis [-1,-1,-1]

 cryst.   s(11) = (     0         -1          0      )
                  (     0          0         -1      )
                  (    -1          0          0      )

 cart.    s(11) = ( -0.0000000 -1.0000000 -0.0000000 )
                  ( -0.0000000 -0.0000000 -1.0000000 )
                  ( -1.0000000 -0.0000000 -0.0000000 )


      isym = 12     inv. 120 deg rotation - cart. axis [1,1,1]   

 cryst.   s(12) = (     0          0         -1      )
                  (    -1          0          0      )
                  (     0         -1          0      )

 cart.    s(12) = ( -0.0000000 -0.0000000 -1.0000000 )
                  ( -1.0000000 -0.0000000 -0.0000000 )
                  ( -0.0000000 -1.0000000 -0.0000000 )


   Cartesian axes

     site n.     atom                  positions (alat units)
         1        Co1    tau(   1) = (   0.0000000   0.0000000   0.0000000  )
         2        Co2    tau(   2) = (   1.0862757   1.0862757   1.0862757  )
         3        O      tau(   3) = (   0.5431378   0.5431378   0.5431378  )
         4        O      tau(   4) = (   1.6294135   1.6294135   1.6294135  )

   Crystallographic axes

     site n.     atom                  positions (cryst. coord.)
         1        Co1    tau(   1) = (  0.0000000  0.0000000  0.0000000  )
         2        Co2    tau(   2) = (  0.5000000  0.5000000  0.5000000  )
         3        O      tau(   3) = (  0.2500000  0.2500000  0.2500000  )
         4        O      tau(   4) = (  0.7500000  0.7500000  0.7500000  )

     number of k points=     6  Marzari-Vanderbilt smearing, width (Ry)=  0.0200
                       cart. coord. in units 2pi/alat
        k(    1) = (   0.0000000   0.0000000   0.0000000), wk =   0.0370370
        k(    2) = (   0.5338435  -0.1902071  -0.1902071), wk =   0.2222222
        k(    3) = (   0.3436365   0.3436365  -0.3804141), wk =   0.2222222
        k(    4) = (  -0.7240506   0.7240506   0.0000000), wk =   0.2222222
        k(    5) = (   0.1534294   0.1534294   0.1534294), wk =   0.0740741
        k(    6) = (  -0.9142576   0.5338435   0.5338435), wk =   0.2222222

                       cryst. coord.
        k(    1) = (   0.0000000   0.0000000   0.0000000), wk =   0.0370370
        k(    2) = (   0.0000000   0.0000000   0.3333333), wk =   0.2222222
        k(    3) = (   0.0000000   0.3333333   0.3333333), wk =   0.2222222
        k(    4) = (  -0.0000000   0.3333333  -0.3333333), wk =   0.2222222
        k(    5) = (   0.3333333   0.3333333   0.3333333), wk =   0.0740741
        k(    6) = (   0.3333333   0.3333333  -0.3333333), wk =   0.2222222

     Dense  grid:    18569 G-vectors     FFT dimensions: (  60,  60,  60)

     Smooth grid:     6541 G-vectors     FFT dimensions: (  40,  40,  40)

     Dynamical RAM for                 wfc:       0.09 MB

     Dynamical RAM for     wfc (w. buffer):       1.14 MB

     Dynamical RAM for             U proj.:       0.03 MB

     Dynamical RAM for  U proj. (w. buff.):       0.41 MB

     Dynamical RAM for           str. fact:       0.21 MB

     Dynamical RAM for           local pot:       0.00 MB

     Dynamical RAM for          nlocal pot:       0.16 MB

     Dynamical RAM for                qrad:       4.03 MB

     Dynamical RAM for          rho,v,vnew:       2.90 MB

     Dynamical RAM for               rhoin:       0.97 MB

     Dynamical RAM for            rho*nmix:       2.27 MB

     Dynamical RAM for           G-vectors:       0.28 MB

     Dynamical RAM for          h,s,v(r/c):       0.14 MB

     Dynamical RAM for          <psi|beta>:       0.02 MB

     Dynamical RAM for                 psi:       0.18 MB

     Dynamical RAM for                hpsi:       0.18 MB

     Dynamical RAM for                spsi:       0.18 MB

     Dynamical RAM for      wfcinit/wfcrot:       0.19 MB

     Dynamical RAM for           addusdens:      13.39 MB

     Estimated static dynamical RAM per process >      12.86 MB

     Estimated max dynamical RAM per process >      28.51 MB

     Estimated total dynamical RAM >     114.05 MB

     Check: negative core charge=   -0.000041
     Generating pointlists ...
     new r_m :   0.2019 (alat units)  1.6154 (a.u.) for type    1
     new r_m :   0.2019 (alat units)  1.6154 (a.u.) for type    2
     new r_m :   0.2019 (alat units)  1.6154 (a.u.) for type    3

     Initial potential from superposition of free atoms

     starting charge      44.0000, renormalised to      46.0000

     HUBBARD ENERGY =    0.5556  (Ry)

     STARTING HUBBARD OCCUPATIONS:

     =================== HUBBARD OCCUPATIONS ===================
     ------------------------ ATOM    1 ------------------------
     Tr[ns(  1)] (up, down, total) =   5.00000  2.00000  7.00000
     Atomic magnetic moment for atom   1 =   3.00000
     SPIN  1
     eigenvalues:
       1.000  1.000  1.000  1.000  1.000
     eigenvectors (columns):
       1.000  0.000  0.000  0.000  0.000
       0.000  1.000  0.000  0.000  0.000
       0.000  0.000  1.000  0.000  0.000
       0.000  0.000  0.000  1.000  0.000
       0.000  0.000  0.000  0.000  1.000
     occupation matrix ns (before diag.):
       1.000  0.000  0.000  0.000  0.000
       0.000  1.000  0.000  0.000  0.000
       0.000  0.000  1.000  0.000  0.000
       0.000  0.000  0.000  1.000  0.000
       0.000  0.000  0.000  0.000  1.000
     SPIN  2
     eigenvalues:
       0.400  0.400  0.400  0.400  0.400
     eigenvectors (columns):
       1.000  0.000  0.000  0.000  0.000
       0.000  1.000  0.000  0.000  0.000
       0.000  0.000  1.000  0.000  0.000
       0.000  0.000  0.000  1.000  0.000
       0.000  0.000  0.000  0.000  1.000
     occupation matrix ns (before diag.):
       0.400  0.000  0.000  0.000  0.000
       0.000  0.400  0.000  0.000  0.000
       0.000  0.000  0.400  0.000  0.000
       0.000  0.000  0.000  0.400  0.000
       0.000  0.000  0.000  0.000  0.400
     ------------------------ ATOM    2 ------------------------
     Tr[ns(  2)] (up, down, total) =   2.00000  5.00000  7.00000
     Atomic magnetic moment for atom   2 =  -3.00000
     SPIN  1
     eigenvalues:
       0.400  0.400  0.400  0.400  0.400
     eigenvectors (columns):
       1.000  0.000  0.000  0.000  0.000
       0.000  1.000  0.000  0.000  0.000
       0.000  0.000  1.000  0.000  0.000
       0.000  0.000  0.000  1.000  0.000
       0.000  0.000  0.000  0.000  1.000
     occupation matrix ns (before diag.):
       0.400  0.000  0.000  0.000  0.000
       0.000  0.400  0.000  0.000  0.000
       0.000  0.000  0.400  0.000  0.000
       0.000  0.000  0.000  0.400  0.000
       0.000  0.000  0.000  0.000  0.400
     SPIN  2
     eigenvalues:
       1.000  1.000  1.000  1.000  1.000
     eigenvectors (columns):
       1.000  0.000  0.000  0.000  0.000
       0.000  1.000  0.000  0.000  0.000
       0.000  0.000  1.000  0.000  0.000
       0.000  0.000  0.000  1.000  0.000
       0.000  0.000  0.000  0.000  1.000
     occupation matrix ns (before diag.):
       1.000  0.000  0.000  0.000  0.000
       0.000  1.000  0.000  0.000  0.000
       0.000  0.000  1.000  0.000  0.000
       0.000  0.000  0.000  1.000  0.000
       0.000  0.000  0.000  0.000  1.000

     Number of occupied Hubbard levels =   14.0000

     Atomic wfc used for Hubbard projectors are orthogonalized

     Starting wfcs are   34 randomized atomic wfcs
     Checking if some PAW data can be deallocated... 
       PAW data deallocated on    2 nodes for type:  3

     total cpu time spent up to now is        1.7 secs

     Self-consistent Calculation

     iteration #  1     ecut=    35.00 Ry     beta= 0.70
     Davidson diagonalization with overlap

---- Real-time Memory Report at c_bands before calling an iterative solver
            67 MiB given to the printing process from OS
             0 MiB allocation reported by mallinfo(arena+hblkhd)
            96 MiB available memory on the node where the printing process lives
------------------
     ethr =  1.00E-02,  avg # of iterations =  3.0

     =================== HUBBARD OCCUPATIONS ===================
     ------------------------ ATOM    1 ------------------------
     Tr[ns(  1)] (up, down, total) =   4.85053  0.66686  5.51739
     Atomic magnetic moment for atom   1 =   4.18367
     SPIN  1
     eigenvalues:
       0.956  0.956  0.968  0.985  0.985
     eigenvectors (columns):
       0.142  0.028  0.000 -0.643 -0.752
       0.530 -0.610  0.577 -0.039  0.112
       0.263  0.764  0.577  0.116 -0.022
       0.028 -0.142 -0.000  0.752 -0.643
       0.793  0.154 -0.577  0.077  0.090
     occupation matrix ns (before diag.):
       0.984 -0.002 -0.002  0.000 -0.003
      -0.002  0.961  0.004 -0.003 -0.004
      -0.002  0.004  0.961  0.003 -0.004
       0.000 -0.003  0.003  0.984 -0.000
      -0.003 -0.004 -0.004 -0.000  0.961
     SPIN  2
     eigenvalues:
       0.050  0.050  0.169  0.199  0.199
     eigenvectors (columns):
      -0.579  0.801 -0.000 -0.150 -0.027
      -0.051 -0.114  0.577 -0.519  0.618
       0.124  0.013  0.577 -0.275 -0.759
       0.801  0.579  0.000 -0.027  0.150
       0.073 -0.101 -0.577 -0.795 -0.141
     occupation matrix ns (before diag.):
       0.053  0.009  0.009 -0.000  0.018
       0.009  0.187 -0.009  0.016  0.009
       0.009 -0.009  0.187 -0.016  0.009
      -0.000  0.016 -0.016  0.053 -0.000
       0.018  0.009  0.009 -0.000  0.187
     ------------------------ ATOM    2 ------------------------
     Tr[ns(  2)] (up, down, total) =   0.66785  4.85035  5.51820
     Atomic magnetic moment for atom   2 =  -4.18250
     SPIN  1
     eigenvalues:
       0.049  0.049  0.169  0.200  0.200
     eigenvectors (columns):
      -0.541  0.827 -0.000 -0.151 -0.028
      -0.057 -0.112  0.577 -0.522  0.615
       0.125  0.007  0.577 -0.271 -0.760
       0.827  0.541  0.000 -0.028  0.151
       0.069 -0.105 -0.577 -0.794 -0.145
     occupation matrix ns (before diag.):
       0.053  0.009  0.009 -0.000  0.019
       0.009  0.187 -0.009  0.016  0.009
       0.009 -0.009  0.187 -0.016  0.009
      -0.000  0.016 -0.016  0.053 -0.000
       0.019  0.009  0.009 -0.000  0.187
     SPIN  2
     eigenvalues:
       0.956  0.956  0.968  0.985  0.985
     eigenvectors (columns):
       0.142  0.029  0.000 -0.650 -0.746
       0.534 -0.606  0.577 -0.038  0.112
       0.258  0.766  0.577  0.116 -0.023
       0.029 -0.142 -0.000  0.746 -0.650
       0.792  0.160 -0.577  0.078  0.089
     occupation matrix ns (before diag.):
       0.984 -0.002 -0.002  0.000 -0.003
      -0.002  0.961  0.004 -0.003 -0.004
      -0.002  0.004  0.961  0.003 -0.004
       0.000 -0.003  0.003  0.984 -0.000
      -0.003 -0.004 -0.004 -0.000  0.961

     Number of occupied Hubbard levels =   11.0356

     HUBBARD ENERGY =    0.3234  (Ry)

     total cpu time spent up to now is        2.9 secs

     total energy              =    -671.19545697 Ry
     estimated scf accuracy    <      12.32525003 Ry

     total magnetization       =    -0.00 Bohr mag/cell
     absolute magnetization    =     8.70 Bohr mag/cell

     iteration #  2     ecut=    35.00 Ry     beta= 0.70
     Davidson diagonalization with overlap

---- Real-time Memory Report at c_bands before calling an iterative solver
            67 MiB given to the printing process from OS
             0 MiB allocation reported by mallinfo(arena+hblkhd)
           125 MiB available memory on the node where the printing process lives
------------------
     ethr =  1.00E-02,  avg # of iterations =  3.2

     =================== HUBBARD OCCUPATIONS ===================
     ------------------------ ATOM    1 ------------------------
     Tr[ns(  1)] (up, down, total) =   4.87096  4.88452  9.75549
     Atomic magnetic moment for atom   1 =  -0.01356
     SPIN  1
     eigenvalues:
       0.973  0.973  0.973  0.976  0.976
     eigenvectors (columns):
       0.000 -0.229 -0.062 -0.538  0.809
       0.577  0.205  0.766  0.086  0.173
       0.577  0.561 -0.560 -0.193 -0.012
      -0.000  0.062 -0.229  0.809  0.538
      -0.577  0.766  0.206 -0.107  0.161
     occupation matrix ns (before diag.):
       0.976  0.000  0.000  0.000  0.001
       0.000  0.973 -0.000  0.000  0.000
       0.000 -0.000  0.973 -0.000  0.000
       0.000  0.000 -0.000  0.976 -0.000
       0.001  0.000  0.000 -0.000  0.973
     SPIN  2
     eigenvalues:
       0.975  0.975  0.977  0.979  0.979
     eigenvectors (columns):
      -0.572  0.645  0.000  0.478 -0.170
      -0.131 -0.393 -0.577  0.536  0.456
       0.406  0.083 -0.577  0.127 -0.692
       0.645  0.572 -0.000  0.170  0.478
       0.275 -0.310  0.577  0.663 -0.236
     occupation matrix ns (before diag.):
       0.976  0.001  0.001  0.000  0.001
       0.001  0.977 -0.000  0.001  0.000
       0.001 -0.000  0.977 -0.001  0.000
       0.000  0.001 -0.001  0.976 -0.000
       0.001  0.000  0.000 -0.000  0.977
     ------------------------ ATOM    2 ------------------------
     Tr[ns(  2)] (up, down, total) =   4.88461  4.87101  9.75562
     Atomic magnetic moment for atom   2 =   0.01361
     SPIN  1
     eigenvalues:
       0.975  0.975  0.977  0.979  0.979
     eigenvectors (columns):
      -0.570  0.647  0.000  0.474 -0.179
      -0.132 -0.392 -0.577  0.545  0.445
       0.406  0.082 -0.577  0.113 -0.695
       0.647  0.570 -0.000  0.179  0.474
       0.274 -0.311  0.577  0.658 -0.249
     occupation matrix ns (before diag.):
       0.976  0.001  0.001  0.000  0.001
       0.001  0.977 -0.000  0.001  0.000
       0.001 -0.000  0.977 -0.001  0.000
       0.000  0.001 -0.001  0.976 -0.000
       0.001  0.000  0.000 -0.000  0.977
     SPIN  2
     eigenvalues:
       0.973  0.973  0.973  0.976  0.976
     eigenvectors (columns):
      -0.000 -0.232  0.051  0.661  0.712
      -0.577  0.238 -0.756 -0.057  0.185
      -0.577  0.536  0.585  0.189 -0.043
       0.000  0.051  0.232 -0.712  0.661
       0.577  0.774 -0.172  0.132  0.142
     occupation matrix ns (before diag.):
       0.976  0.000  0.000  0.000  0.001
       0.000  0.973 -0.000  0.000  0.000
       0.000 -0.000  0.973 -0.000  0.000
       0.000  0.000 -0.000  0.976 -0.000
       0.001  0.000  0.000 -0.000  0.973

     Number of occupied Hubbard levels =   19.5111

     HUBBARD ENERGY =    0.5517  (Ry)

     total cpu time spent up to now is        4.4 secs

     total energy              =    -672.16177781 Ry
     estimated scf accuracy    <      59.45450954 Ry

     total magnetization       =    -0.00 Bohr mag/cell
     absolute magnetization    =     0.56 Bohr mag/cell

     iteration #  3     ecut=    35.00 Ry     beta= 0.70
     Davidson diagonalization with overlap

---- Real-time Memory Report at c_bands before calling an iterative solver
            67 MiB given to the printing process from OS
             0 MiB allocation reported by mallinfo(arena+hblkhd)
           125 MiB available memory on the node where the printing process lives
------------------
     ethr =  1.00E-02,  avg # of iterations =  2.8

     =================== HUBBARD OCCUPATIONS ===================
     ------------------------ ATOM    1 ------------------------
     Tr[ns(  1)] (up, down, total) =   4.97859  2.23729  7.21588
     Atomic magnetic moment for atom   1 =   2.74130
     SPIN  1
     eigenvalues:
       0.994  0.994  0.996  0.997  0.997
     eigenvectors (columns):
       0.672 -0.711  0.000  0.199 -0.045
      -0.048 -0.160  0.577 -0.236  0.764
       0.162  0.039  0.577 -0.543 -0.586
      -0.711 -0.672 -0.000 -0.045 -0.199
       0.114 -0.121 -0.577 -0.779  0.177
     occupation matrix ns (before diag.):
       0.995 -0.000 -0.000  0.000 -0.000
      -0.000  0.997 -0.000 -0.000  0.000
      -0.000 -0.000  0.997  0.000  0.000
       0.000 -0.000  0.000  0.995 -0.000
      -0.000  0.000  0.000 -0.000  0.997
     SPIN  2
     eigenvalues:
       0.137  0.137  0.550  0.706  0.706
     eigenvectors (columns):
       0.655  0.751 -0.000 -0.086 -0.009
       0.023 -0.067  0.577 -0.480  0.656
      -0.069  0.014  0.577 -0.328 -0.744
      -0.751  0.655  0.000 -0.009  0.086
      -0.046 -0.053 -0.577 -0.809 -0.088
     occupation matrix ns (before diag.):
       0.142  0.020  0.020  0.000  0.040
       0.020  0.651 -0.050  0.035  0.050
       0.020 -0.050  0.651 -0.035  0.050
       0.000  0.035 -0.035  0.142 -0.000
       0.040  0.050  0.050 -0.000  0.651
     ------------------------ ATOM    2 ------------------------
     Tr[ns(  2)] (up, down, total) =   2.24008  4.97867  7.21875
     Atomic magnetic moment for atom   2 =  -2.73858
     SPIN  1
     eigenvalues:
       0.137  0.137  0.552  0.707  0.707
     eigenvectors (columns):
       0.548  0.832 -0.000 -0.086 -0.011
       0.032 -0.063  0.577 -0.496  0.644
      -0.071  0.004  0.577 -0.310 -0.752
      -0.832  0.548  0.000 -0.011  0.086
      -0.039 -0.059 -0.577 -0.806 -0.108
     occupation matrix ns (before diag.):
       0.142  0.020  0.020  0.000  0.040
       0.020  0.652 -0.050  0.035  0.050
       0.020 -0.050  0.652 -0.035  0.050
       0.000  0.035 -0.035  0.142 -0.000
       0.040  0.050  0.050 -0.000  0.652
     SPIN  2
     eigenvalues:
       0.994  0.994  0.996  0.997  0.997
     eigenvectors (columns):
       0.654 -0.730  0.000  0.196 -0.039
      -0.051 -0.155  0.577 -0.256  0.758
       0.160  0.033  0.577 -0.529 -0.600
      -0.730 -0.654  0.000 -0.039 -0.196
       0.109 -0.121 -0.577 -0.784  0.158
     occupation matrix ns (before diag.):
       0.995 -0.000 -0.000  0.000 -0.000
      -0.000  0.997 -0.000 -0.000  0.000
      -0.000 -0.000  0.997  0.000  0.000
       0.000 -0.000  0.000  0.995 -0.000
      -0.000  0.000  0.000 -0.000  0.997

     Number of occupied Hubbard levels =   14.4346

     HUBBARD ENERGY =    0.4938  (Ry)

     total cpu time spent up to now is        5.7 secs

     total energy              =    -678.15693508 Ry
     estimated scf accuracy    <       0.43500769 Ry

     total magnetization       =     0.00 Bohr mag/cell
     absolute magnetization    =     5.78 Bohr mag/cell

     iteration #  4     ecut=    35.00 Ry     beta= 0.70
     Davidson diagonalization with overlap

---- Real-time Memory Report at c_bands before calling an iterative solver
            68 MiB given to the printing process from OS
             0 MiB allocation reported by mallinfo(arena+hblkhd)
            85 MiB available memory on the node where the printing process lives
------------------
     ethr =  9.46E-04,  avg # of iterations =  2.2

     =================== HUBBARD OCCUPATIONS ===================
     ------------------------ ATOM    1 ------------------------
     Tr[ns(  1)] (up, down, total) =   4.96474  2.43688  7.40162
     Atomic magnetic moment for atom   1 =   2.52786
     SPIN  1
     eigenvalues:
       0.991  0.991  0.994  0.995  0.995
     eigenvectors (columns):
      -0.689 -0.721 -0.000 -0.078  0.004
       0.018 -0.062  0.577  0.368 -0.726
      -0.062  0.015  0.577  0.445  0.681
       0.721 -0.689  0.000  0.004  0.078
      -0.044 -0.046 -0.577  0.813 -0.045
     occupation matrix ns (before diag.):
       0.991 -0.000 -0.000  0.000 -0.000
      -0.000  0.994 -0.000 -0.000  0.000
      -0.000 -0.000  0.994  0.000  0.000
       0.000 -0.000  0.000  0.991 -0.000
      -0.000  0.000  0.000 -0.000  0.994
     SPIN  2
     eigenvalues:
       0.167  0.167  0.346  0.879  0.879
     eigenvectors (columns):
       0.668  0.741 -0.000 -0.065 -0.010
       0.016 -0.051  0.577 -0.508  0.637
      -0.052  0.011  0.577 -0.298 -0.758
      -0.741  0.668  0.000 -0.010  0.065
      -0.036 -0.040 -0.577 -0.806 -0.121
     occupation matrix ns (before diag.):
       0.170  0.019  0.019  0.000  0.038
       0.019  0.699 -0.176  0.033  0.176
       0.019 -0.176  0.699 -0.033  0.176
       0.000  0.033 -0.033  0.170 -0.000
       0.038  0.176  0.176 -0.000  0.699
     ------------------------ ATOM    2 ------------------------
     Tr[ns(  2)] (up, down, total) =   2.36419  4.96463  7.32882
     Atomic magnetic moment for atom   2 =  -2.60044
     SPIN  1
     eigenvalues:
       0.164  0.164  0.333  0.851  0.851
     eigenvectors (columns):
       0.637 -0.768 -0.000 -0.061  0.007
       0.017  0.047  0.577 -0.490 -0.651
      -0.050 -0.008  0.577 -0.319  0.750
      -0.768 -0.637  0.000 -0.007 -0.061
      -0.032  0.039 -0.577 -0.809  0.099
     occupation matrix ns (before diag.):
       0.167  0.017  0.017  0.000  0.035
       0.017  0.677 -0.172  0.030  0.172
       0.017 -0.172  0.677 -0.030  0.172
       0.000  0.030 -0.030  0.167 -0.000
       0.035  0.172  0.172 -0.000  0.677
     SPIN  2
     eigenvalues:
       0.991  0.991  0.994  0.995  0.995
     eigenvectors (columns):
       0.696  0.713 -0.000 -0.088  0.003
      -0.020  0.069  0.577  0.385 -0.717
       0.070 -0.018  0.577  0.428  0.691
      -0.713  0.696  0.000  0.003  0.088
       0.050  0.052 -0.577  0.813 -0.025
     occupation matrix ns (before diag.):
       0.991 -0.000 -0.000  0.000 -0.000
      -0.000  0.994 -0.000 -0.000  0.000
      -0.000 -0.000  0.994  0.000  0.000
       0.000 -0.000  0.000  0.991 -0.000
      -0.000  0.000  0.000 -0.000  0.994

     Number of occupied Hubbard levels =   14.7304

     HUBBARD ENERGY =    0.4020  (Ry)

     total cpu time spent up to now is        6.8 secs

     total energy              =    -678.28749425 Ry
     estimated scf accuracy    <       0.24004789 Ry

     total magnetization       =    -0.08 Bohr mag/cell
     absolute magnetization    =     5.42 Bohr mag/cell

     iteration #  5     ecut=    35.00 Ry     beta= 0.70
     Davidson diagonalization with overlap

---- Real-time Memory Report at c_bands before calling an iterative solver
            68 MiB given to the printing process from OS
             0 MiB allocation reported by mallinfo(arena+hblkhd)
           127 MiB available memory on the node where the printing process lives
------------------
     ethr =  5.22E-04,  avg # of iterations =  2.0

     =================== HUBBARD OCCUPATIONS ===================
     ------------------------ ATOM    1 ------------------------
     Tr[ns(  1)] (up, down, total) =   4.96130  2.22421  7.18551
     Atomic magnetic moment for atom   1 =   2.73709
     SPIN  1
     eigenvalues:
       0.990  0.990  0.993  0.994  0.994
     eigenvectors (columns):
      -0.878  0.224 -0.000 -0.362 -0.218
      -0.241 -0.247 -0.577 -0.015  0.740
      -0.093  0.332 -0.577  0.648 -0.357
      -0.224 -0.878  0.000  0.218 -0.362
      -0.334  0.085  0.577  0.633  0.383
     occupation matrix ns (before diag.):
       0.991 -0.001 -0.001  0.000 -0.001
      -0.001  0.993 -0.000 -0.001  0.000
      -0.001 -0.000  0.993  0.001  0.000
       0.000 -0.001  0.001  0.991 -0.000
      -0.001  0.000  0.000 -0.000  0.993
     SPIN  2
     eigenvalues:
       0.098  0.124  0.124  0.939  0.939
     eigenvectors (columns):
       0.000 -0.535 -0.844 -0.043  0.004
       0.577 -0.016  0.031 -0.478 -0.661
       0.577  0.035 -0.001 -0.333  0.745
      -0.000  0.844 -0.535 -0.004 -0.043
      -0.577  0.019  0.030 -0.811  0.084
     occupation matrix ns (before diag.):
       0.126  0.014  0.014  0.000  0.029
       0.014  0.658 -0.280  0.025  0.280
       0.014 -0.280  0.658 -0.025  0.280
       0.000  0.025 -0.025  0.126 -0.000
       0.029  0.280  0.280 -0.000  0.658
     ------------------------ ATOM    2 ------------------------
     Tr[ns(  2)] (up, down, total) =   2.41269  4.96972  7.38241
     Atomic magnetic moment for atom   2 =  -2.55704
     SPIN  1
     eigenvalues:
       0.153  0.153  0.167  0.970  0.970
     eigenvectors (columns):
       0.445  0.894 -0.000 -0.048 -0.005
       0.022 -0.033  0.577 -0.482  0.658
      -0.039 -0.002  0.577 -0.329 -0.746
      -0.894  0.445  0.000 -0.005  0.048
      -0.018 -0.035 -0.577 -0.811 -0.088
     occupation matrix ns (before diag.):
       0.155  0.016  0.016  0.000  0.032
       0.016  0.701 -0.267  0.028  0.267
       0.016 -0.267  0.701 -0.028  0.267
       0.000  0.028 -0.028  0.155 -0.000
       0.032  0.267  0.267 -0.000  0.701
     SPIN  2
     eigenvalues:
       0.993  0.993  0.994  0.995  0.995
     eigenvectors (columns):
      -0.919  0.023 -0.000 -0.358 -0.161
      -0.167 -0.274 -0.577  0.076  0.747
      -0.153  0.282 -0.577  0.609 -0.439
      -0.023 -0.919 -0.000  0.161 -0.358
      -0.321  0.008  0.577  0.685  0.308
     occupation matrix ns (before diag.):
       0.993 -0.000 -0.000  0.000 -0.001
      -0.000  0.995 -0.000 -0.001  0.000
      -0.000 -0.000  0.995  0.001  0.000
       0.000 -0.001  0.001  0.993 -0.000
      -0.001  0.000  0.000 -0.000  0.995

     Number of occupied Hubbard levels =   14.5679

     HUBBARD ENERGY =    0.3493  (Ry)

     total cpu time spent up to now is        7.8 secs

     total energy              =    -678.36439465 Ry
     estimated scf accuracy    <       0.13457828 Ry

     total magnetization       =     0.14 Bohr mag/cell
     absolute magnetization    =     5.51 Bohr mag/cell

     iteration #  6     ecut=    35.00 Ry     beta= 0.70
     Davidson diagonalization with overlap

---- Real-time Memory Report at c_bands before calling an iterative solver
            68 MiB given to the printing process from OS
             0 MiB allocation reported by mallinfo(arena+hblkhd)
            90 MiB available memory on the node where the printing process lives
------------------
     ethr =  2.93E-04,  avg # of iterations =  2.2

     =================== HUBBARD OCCUPATIONS ===================
     ------------------------ ATOM    1 ------------------------
     Tr[ns(  1)] (up, down, total) =   4.97182  2.37259  7.34440
     Atomic magnetic moment for atom   1 =   2.59923
     SPIN  1
     eigenvalues:
       0.993  0.993  0.995  0.995  0.995
     eigenvectors (columns):
      -0.721  0.293 -0.000 -0.491 -0.391
      -0.404 -0.315 -0.577 -0.095  0.629
      -0.070  0.508 -0.577  0.592 -0.232
      -0.293 -0.721  0.000  0.391 -0.491
      -0.475  0.193  0.577  0.497  0.396
     occupation matrix ns (before diag.):
       0.994 -0.000 -0.000  0.000 -0.001
      -0.000  0.995  0.000 -0.001 -0.000
      -0.000  0.000  0.995  0.001 -0.000
       0.000 -0.001  0.001  0.994 -0.000
      -0.001 -0.000 -0.000 -0.000  0.995
     SPIN  2
     eigenvalues:
       0.094  0.163  0.163  0.977  0.977
     eigenvectors (columns):
       0.000  0.548 -0.836 -0.033  0.003
       0.577  0.012  0.024 -0.477 -0.662
       0.577 -0.027 -0.002 -0.334  0.744
      -0.000 -0.836 -0.548 -0.003 -0.033
      -0.577 -0.015  0.022 -0.812  0.083
     occupation matrix ns (before diag.):
       0.164  0.011  0.011  0.000  0.022
       0.011  0.682 -0.294  0.019  0.294
       0.011 -0.294  0.682 -0.019  0.294
       0.000  0.019 -0.019  0.164 -0.000
       0.022  0.294  0.294 -0.000  0.682
     ------------------------ ATOM    2 ------------------------
     Tr[ns(  2)] (up, down, total) =   2.24828  4.95571  7.20399
     Atomic magnetic moment for atom   2 =  -2.70742
     SPIN  1
     eigenvalues:
       0.071  0.120  0.120  0.969  0.969
     eigenvectors (columns):
       0.000 -0.770 -0.637 -0.030 -0.003
       0.577 -0.004  0.025 -0.480  0.660
       0.577  0.023 -0.009 -0.332 -0.746
      -0.000  0.637 -0.770 -0.003  0.030
      -0.577  0.019  0.016 -0.812 -0.086
     occupation matrix ns (before diag.):
       0.121  0.011  0.011  0.000  0.021
       0.011  0.669 -0.299  0.018  0.299
       0.011 -0.299  0.669 -0.018  0.299
       0.000  0.018 -0.018  0.121 -0.000
       0.021  0.299  0.299 -0.000  0.669
     SPIN  2
     eigenvalues:
       0.989  0.989  0.992  0.993  0.993
     eigenvectors (columns):
      -0.834  0.310 -0.000 -0.401  0.218
      -0.287 -0.238 -0.577  0.018 -0.726
      -0.062  0.367 -0.577  0.620  0.378
      -0.310 -0.834  0.000  0.218  0.401
      -0.349  0.130  0.577  0.638 -0.348
     occupation matrix ns (before diag.):
       0.990 -0.001 -0.001  0.000 -0.002
      -0.001  0.992 -0.000 -0.001  0.000
      -0.001 -0.000  0.992  0.001  0.000
       0.000 -0.001  0.001  0.990 -0.000
      -0.002  0.000  0.000 -0.000  0.992

     Number of occupied Hubbard levels =   14.5484

     HUBBARD ENERGY =    0.2620  (Ry)

     total cpu time spent up to now is        8.8 secs

     total energy              =    -678.41165840 Ry
     estimated scf accuracy    <       0.09518379 Ry

     total magnetization       =    -0.02 Bohr mag/cell
     absolute magnetization    =     5.51 Bohr mag/cell

     iteration #  7     ecut=    35.00 Ry     beta= 0.70
     Davidson diagonalization with overlap

---- Real-time Memory Report at c_bands before calling an iterative solver
            68 MiB given to the printing process from OS
             0 MiB allocation reported by mallinfo(arena+hblkhd)
            89 MiB available memory on the node where the printing process lives
------------------
     ethr =  2.07E-04,  avg # of iterations =  2.0

     =================== HUBBARD OCCUPATIONS ===================
     ------------------------ ATOM    1 ------------------------
     Tr[ns(  1)] (up, down, total) =   4.96111  2.27462  7.23573
     Atomic magnetic moment for atom   1 =   2.68650
     SPIN  1
     eigenvalues:
       0.990  0.990  0.993  0.994  0.994
     eigenvectors (columns):
      -0.732  0.268 -0.000  0.487  0.394
      -0.392 -0.328 -0.577  0.099 -0.629
      -0.088  0.504 -0.577 -0.594  0.229
      -0.268 -0.732  0.000 -0.394  0.487
      -0.480  0.176  0.577 -0.495 -0.400
     occupation matrix ns (before diag.):
       0.991 -0.001 -0.001  0.000 -0.002
      -0.001  0.993  0.000 -0.001 -0.000
      -0.001  0.000  0.993  0.001 -0.000
       0.000 -0.001  0.001  0.991 -0.000
      -0.002 -0.000 -0.000 -0.000  0.993
     SPIN  2
     eigenvalues:
       0.053  0.134  0.134  0.977  0.977
     eigenvectors (columns):
       0.000 -0.622 -0.783 -0.011  0.001
       0.577 -0.003  0.009 -0.464 -0.672
       0.577  0.009 -0.001 -0.350  0.738
      -0.000  0.783 -0.622 -0.001 -0.011
      -0.577  0.006  0.007 -0.814  0.066
     occupation matrix ns (before diag.):
       0.134  0.004  0.004  0.000  0.008
       0.004  0.669 -0.308  0.007  0.308
       0.004 -0.308  0.669 -0.007  0.308
       0.000  0.007 -0.007  0.134 -0.000
       0.008  0.308  0.308 -0.000  0.669
     ------------------------ ATOM    2 ------------------------
     Tr[ns(  2)] (up, down, total) =   2.31700  4.96747  7.28446
     Atomic magnetic moment for atom   2 =  -2.65047
     SPIN  1
